nOrders = 35;
w = [6.48, 6.48, 6.48, 6.48, 53.46, 135.0, 35.64, 12.96, 3.78, 6.48, 17.82, 10.8, 17.82, 6.48, 17.82, 17.82, 6.48, 12.96, 6.48, 35.64, 17.82, 6.48, 12.96, 35.64, 17.82, 17.82, 6.48, 17.82, 6.48, 6.48, 6.48, 6.48, 6.48, 6.48, 6.48];
st = [0, 20.0, 20.0, 20.0, 20.0, 52.0, 420.0, 35.0, 26.0, 20.0, 20.0, 27.0, 20.0, 27.0, 20.0, 27.0, 27.0, 20.0, 26.0, 20.0, 35.0, 27.0, 20.0, 26.0, 35.0, 27.0, 27.0, 20.0, 27.0, 20.0, 20.0, 20.0, 20.0, 20.0, 20.0, 20.0];
C = 10000;
G = 3000;
Rt = [3, 3, 3, 2, 1, 1, 6, 6, 6, 6, 6, 6, 1, 2, 3, 1, 2, 3, 6, 3, 2, 2, 2, 1, 1, 2, 1, 2, 1, 6, 6, 6, 6, 3, 3];
t = [[   0.  776.  772.  760.  761.  675.  703.  811.  801.  796.  783.  794.
   785.  782.  779.  775.  775.  785.  758.  777.  762.  731.  730.  725.
   814.  732.  720.  703.  784.  757.  792.  722.  836.  768.  764.  761.]
 [ 766.    0.    4.   33.   34.  142.  113.  138.   64.   95.   31.   45.
    54.   57.   60.   64.   64.   54.   81.   62.   77.   75.   76.   81.
   132.   52.   56.  103.  111.   84.  120.   76.   99.   16.   20.   23.]
 [ 762.    4.    0.   29.   30.  138.  110.  134.   67.   99.   34.   49.
    58.   61.   63.   68.   68.   58.   82.   65.   81.   71.   72.   77.
   135.   56.   53.  100.  108.   81.  116.   72.  103.   19.   23.   26.]
 [ 750.   33.   29.    0.    1.  109.   80.  105.   97.   90.   64.   78.
    79.   76.   73.   69.   69.   79.   52.   72.   56.   42.   43.   48.
   165.   46.   40.   70.   78.   51.   87.   43.  132.   49.   53.   56.]
 [ 750.   34.   30.    1.    0.  108.   80.  104.   97.   89.   64.   79.
    78.   75.   73.   68.   68.   78.   52.   71.   55.   41.   42.   47.
   166.   47.   41.   70.   78.   51.   86.   42.  133.   49.   53.   56.]
 [ 725.  142.  138.  109.  108.    0.   28.  146.  188.  131.  155.  130.
   120.  117.  115.  110.  110.  120.   94.  113.   97.   67.   66.   61.
   256.  154.  148.   48.  120.   93.  128.  121.  224.  157.  161.  164.]
 [ 712.  113.  110.   80.   80.   28.    0.  118.  160.  103.  127.  101.
    92.   89.   87.   82.   82.   92.   66.   85.   69.   38.   37.   33.
   228.  126.  120.   19.   91.   65.  100.   93.  195.  129.  133.  136.]
 [ 800.  138.  134.  105.  104.  146.  118.    0.  184.  128.  151.  126.
   117.  113.  111.  107.  107.  116.   90.  109.   94.   80.   80.   85.
   221.  151.  145.  108.   26.   53.   18.  118.  220.  153.  157.  160.]
 [ 791.   64.   67.   97.   97.  188.  160.  184.    0.  109.   33.   58.
    68.   71.   73.   78.   78.   68.   94.   75.   91.  122.  122.  127.
   106.   69.   81.  150.  158.  131.  166.  113.   37.   58.   59.   56.]
 [ 786.   95.   99.   90.   89.  131.  103.  128.  109.    0.   76.   50.
    41.   38.   35.   31.   31.   41.   38.   34.   34.   65.   66.   71.
   177.  127.  130.   93.  101.   74.  109.  103.  144.   90.   94.   97.]
 [ 773.   31.   34.   64.   64.  155.  127.  151.   33.   76.    0.   26.
    35.   38.   41.   45.   45.   35.   62.   42.   58.   89.   90.   95.
   101.   51.   63.  117.  125.   98.  133.   95.   68.   25.   29.   32.]
 [ 784.   45.   49.   78.   79.  130.  101.  126.   58.   50.   26.    0.
     9.   13.   15.   19.   19.    9.   36.   17.   32.   63.   64.   69.
   127.   77.   88.   91.   99.   73.  108.  101.   94.   39.   43.   46.]
 [ 775.   54.   58.   79.   78.  120.   92.  117.   68.   41.   35.    9.
     0.    3.    6.   10.   10.    0.   27.    7.   23.   54.   55.   60.
   136.   86.   98.   82.   90.   63.   98.   92.  103.   49.   53.   56.]
 [ 772.   57.   61.   76.   75.  117.   89.  113.   71.   38.   38.   13.
     3.    0.    2.    7.    7.    3.   23.    4.   20.   51.   52.   56.
   139.   89.  101.   79.   87.   60.   95.   89.  106.   52.   56.   59.]
 [ 769.   60.   63.   73.   73.  115.   87.  111.   73.   35.   41.   15.
     6.    2.    0.    4.    4.    6.   21.    2.   17.   48.   49.   54.
   142.   92.  103.   77.   85.   58.   93.   86.  109.   54.   58.   61.]
 [ 765.   64.   68.   69.   68.  110.   82.  107.   78.   31.   45.   19.
    10.    7.    4.    0.    0.   10.   17.    3.   13.   44.   45.   50.
   146.   96.  108.   72.   80.   53.   88.   82.  113.   59.   63.   66.]
 [ 765.   64.   68.   69.   68.  110.   82.  107.   78.   31.   45.   19.
    10.    7.    4.    0.    0.   10.   17.    3.   13.   44.   45.   50.
   146.   96.  108.   72.   80.   53.   88.   82.  113.   59.   63.   66.]
 [ 775.   54.   58.   79.   78.  120.   92.  116.   68.   41.   35.    9.
     0.    3.    6.   10.   10.    0.   27.    7.   23.   54.   55.   60.
   136.   86.   98.   82.   90.   63.   98.   92.  103.   49.   53.   56.]
 [ 748.   81.   82.   52.   52.   94.   66.   90.   94.   38.   62.   36.
    27.   23.   21.   17.   17.   27.    0.   19.    4.   27.   28.   33.
   163.   98.   92.   56.   64.   37.   72.   65.  130.   75.   79.   82.]
 [ 767.   62.   65.   72.   71.  113.   85.  109.   75.   34.   42.   17.
     7.    4.    2.    3.    3.    7.   19.    0.   16.   46.   47.   52.
   143.   93.  105.   75.   83.   56.   91.   85.  111.   56.   60.   63.]
 [ 752.   77.   81.   56.   55.   97.   69.   94.   91.   34.   58.   32.
    23.   20.   17.   13.   13.   23.    4.   16.    0.   31.   32.   37.
   159.  102.   96.   59.   67.   40.   75.   69.  126.   72.   76.   79.]
 [ 721.   75.   71.   42.   41.   67.   38.   80.  122.   65.   89.   63.
    54.   51.   48.   44.   44.   54.   27.   46.   31.    0.    1.    6.
   190.   88.   82.   28.   53.   26.   61.   55.  157.   91.   95.   98.]
 [ 720.   76.   72.   43.   42.   66.   37.   80.  122.   66.   90.   64.
    55.   52.   49.   45.   45.   55.   28.   47.   32.    1.    0.    5.
   191.   89.   83.   27.   54.   27.   62.   56.  158.   92.   96.   99.]
 [ 715.   81.   77.   48.   47.   61.   33.   85.  127.   71.   95.   69.
    60.   56.   54.   50.   50.   60.   33.   52.   37.    6.    5.    0.
   196.   94.   88.   23.   59.   32.   67.   61.  163.   96.  101.  103.]
 [ 859.  132.  135.  165.  166.  256.  228.  210.  106.  177.  101.  127.
   136.  139.  142.  146.  146.  136.  163.  143.  159.  190.  191.  196.
     0.  138.  149.  218.  186.  199.  191.  181.  132.  126.  127.  124.]
 [ 722.   52.   56.   46.   47.  154.  126.  151.   69.  127.   51.   77.
    86.   89.   92.   96.   96.   86.   98.   93.  102.   88.   89.   94.
   138.    0.   12.  116.  124.   97.  132.   44.  105.   36.   32.   29.]
 [ 710.   56.   53.   40.   41.  148.  120.  145.   81.  130.   63.   88.
    98.  101.  103.  108.  108.   98.   92.  105.   96.   82.   83.   88.
   149.   12.    0.  109.  118.   91.  127.   32.  116.   48.   44.   41.]
 [ 693.  103.  100.   70.   70.   48.   19.  108.  150.   93.  117.   91.
    82.   79.   77.   72.   72.   82.   56.   75.   59.   28.   27.   23.
   218.  116.  108.    0.   81.   55.   90.   83.  185.  119.  123.  126.]
 [ 774.  111.  108.   78.   78.  120.   91.   26.  158.  101.  125.   99.
    90.   87.   85.   80.   80.   90.   64.   83.   67.   53.   54.   59.
   198.  124.  118.   81.    0.   27.    8.   91.  193.  127.  131.  134.]
 [ 747.   84.   81.   51.   51.   93.   65.   53.  131.   74.   98.   73.
    63.   60.   58.   53.   53.   63.   37.   56.   40.   26.   27.   32.
   199.   97.   91.   55.   27.    0.   35.   64.  166.  100.  104.  107.]
 [ 782.  120.  116.   87.   86.  128.  100.   18.  166.  109.  133.  108.
    98.   95.   93.   88.   88.   98.   72.   91.   75.   61.   62.   67.
   203.  132.  127.   90.    8.   35.    0.  100.  202.  135.  139.  142.]
 [ 713.   76.   72.   43.   42.  121.   93.  118.  112.  103.   93.  101.
    92.   89.   86.   82.   82.   92.   65.   85.   69.   55.   56.   61.
   180.   42.   31.   83.   91.   64.  100.    0.  147.   79.   75.   72.]
 [ 826.   99.  103.  132.  133.  224.  195.  220.   37.  144.   68.   94.
   103.  106.  109.  113.  113.  103.  130.  111.  126.  157.  158.  163.
   132.  105.  116.  185.  193.  166.  202.  149.    0.   93.   94.   91.]
 [ 758.   16.   19.   49.   49.  157.  129.  153.   58.   90.   25.   39.
    49.   52.   54.   59.   59.   49.   75.   56.   72.   91.   92.   96.
   126.   36.   48.  119.  127.  100.  135.   80.   93.    0.    4.    7.]
 [ 754.   20.   23.   53.   53.  161.  133.  157.   59.   94.   29.   43.
    53.   56.   58.   63.   63.   53.   79.   60.   76.   95.   96.  101.
   127.   32.   44.  123.  131.  104.  139.   76.   94.    4.    0.    3.]
 [ 751.   23.   26.   56.   56.  164.  136.  160.   56.   97.   32.   46.
    56.   59.   61.   66.   66.   56.   82.   63.   79.   98.   99.  103.
   124.   29.   41.  126.  134.  107.  142.   73.   91.    7.    3.    0.]];
